23
29
45
15
45
27
4
42
10
17
17
39
2
4
25
10
43
3
33
20
7
1
36
12
6
21
41
2
42
28
23
2
5
31
11
6
26
17
36
36
3
12
24
27
8
10
28
32
18
46
10
2
46
3
40
23
43
34
9
24
37
3
50
33
45
16
34
21
43
20
35
27
18
48
18
45
28
9
4
47
43
9
35
46
18
21
6
3
41
39
13
42
9
12
50
50
12
42
33
42
27
7
39
48
12
34
35
48
36
46
45
35
30
13
31
28
19
5
15
24
11
32
30
5
7
44
19
6
49
18
33
37
27
13
20
36
20
37
35
34
37
9
17
46
44
29
13
46
31
22
32
8
27
9
32
45
28
35
42
19
16
29
49
19
13
9
8
18
43
46
9
32
20
32
37
2
16
35
12
28
31
23
25
28
36
25
11
18
31
26
9
36
45
17
19
8
10
48
34
36
